Tomas Raila

23 užduotis
Pirmas srautas
VVYRMOSAHSQYIIRXGBRNMFWFXKVBKHCJXXYYPYKTRMAIELWZAQ
1010110 1010110 1011001 1010010 1001101 1001111 1010011 1000001 1001000 1010011 1010001 1011001 1001001 1001001 1010010 1011000 1000111 1000010 1010010 1001110 1001101 1000110 1010111 1000110 1011000 1001011 1010110 1000010 1001011 1001000 1000011 1001010 1011000 1011000 1011001 1011001 1010000 1011001 1001011 1010100 1010010 1001101 1000001 1001001 1000101 1001100 1010111 1011010 1000001 1010001 

Antras srautas
CAABFJCBEAEAEEDHHCGFGBDIIBBDIGJJCCHCAGFABGDECHIEJI
1000011 1000001 1000001 1000010 1000110 1001010 1000011 1000010 1000101 1000001 1000101 1000001 1000101 1000101 1000100 1001000 1001000 1000011 1000111 1000110 1000111 1000010 1000100 1001001 1001001 1000010 1000010 1000100 1001001 1000111 1001010 1001010 1000011 1000011 1001000 1000011 1000001 1000111 1000110 1000001 1000010 1000111 1000100 1000101 1000011 1001000 1001001 1000101 1001010 1001001 
